3 0.45546875 0.4046875 0.1390625 0.31640625
3 0.603125 0.3875 0.13671875 0.34296875
5 0.340625 0.3625 0.0828125 0.29296875
5 0.69765625 0.403125 0.06328125 0.303125
1 0.24765625 0.30859375 0.0828125 0.359375
1 0.77421875 0.3390625 0.08671875 0.32578125
7 0.83359375 0.35390625 0.0421875 0.1875
2 0.47890625 0.69609375 0.084375 0.27578125
2 0.56796875 0.70078125 0.0984375 0.32890625
4 0.384375 0.66328125 0.0890625 0.325
4 0.66015625 0.725 0.0921875 0.33203125
0 0.73984375 0.6875 0.0703125 0.3546875
0 0.30625 0.6109375 0.06484375 0.28046875
6 0.23203125 0.63203125 0.08984375 0.27265625
6 0.7953125 0.63125 0.07265625 0.26484375
8 0.16328125 0.51875 0.09453125 0.17421875
8 0.83203125 0.578125 0.0609375 0.21484375
7 0.1796875 0.37890625 0.08359375 0.1796875