3 0.42421875 0.3390625 0.15859375 0.46484375
3 0.58359375 0.3625 0.16796875 0.46796875
5 0.296875 0.26953125 0.103125 0.37890625
5 0.71171875 0.38828125 0.11953125 0.32578125
1 0.18984375 0.225 0.1015625 0.38515625
1 0.821875 0.40625 0.11875 0.35390625
7 0.10859375 0.24609375 0.0703125 0.3140625
7 0.9046875 0.41171875 0.08046875 0.2953125
8 0.053125 0.22421875 0.059375 0.253125
8 0.96015625 0.3859375 0.0671875 0.26171875
2 0.42890625 0.6859375 0.103125 0.34921875
2 0.52890625 0.71875 0.1078125 0.34453125
4 0.32109375 0.62734375 0.1015625 0.3609375
4 0.62890625 0.7265625 0.09609375 0.39921875
0 0.21875 0.5609375 0.1140625 0.34453125
0 0.7390625 0.715625 0.10703125 0.36796875
6 0.13984375 0.50859375 0.09375 0.3
6 0.8203125 0.6875 0.08046875 0.26796875
8 0.0796875 0.47890625 0.0828125 0.21015625
8 0.8734375 0.62890625 0.07734375 0.24453125
8 0.04296875 0.3921875 0.08515625 0.2265625
8 0.93359375 0.59140625 0.0890625 0.196875