3 0.42890625 0.3296875 0.1640625 0.490625
3 0.59453125 0.3390625 0.16953125 0.47421875
5 0.29921875 0.31171875 0.10078125 0.375
5 0.72265625 0.3421875 0.10625 0.41015625
7 0.20546875 0.29375 0.0953125 0.409375
7 0.81328125 0.35078125 0.090625 0.41875
8 0.13828125 0.2609375 0.06015625 0.30859375
8 0.87421875 0.37578125 0.07265625 0.284375
8 0.08984375 0.23828125 0.059375 0.2984375
8 0.94140625 0.3453125 0.08828125 0.25
8 0.034375 0.16953125 0.06484375 0.27421875
2 0.45 0.65859375 0.10390625 0.2109375
2 0.53984375 0.65390625 0.08125 0.17734375
4 0.625 0.65546875 0.09609375 0.19140625
0 0.28828125 0.5984375 0.0984375 0.278125
0 0.7203125 0.64453125 0.07109375 0.2484375
6 0.20078125 0.52109375 0.0734375 0.23125
6 0.7953125 0.63515625 0.08359375 0.23203125
8 0.12890625 0.48359375 0.071875 0.18359375
8 0.85625 0.59765625 0.05859375 0.20078125
8 0.065625 0.3953125 0.09296875 0.2109375
8 0.903125 0.53671875 0.07265625 0.1921875