3 0.4359375 0.3546875 0.13828125 0.37421875
3 0.56953125 0.38046875 0.1421875 0.37265625
5 0.684375 0.38359375 0.096875 0.3515625
5 0.34296875 0.31171875 0.08046875 0.3140625
1 0.253125 0.20078125 0.10078125 0.34609375
1 0.7734375 0.30234375 0.0890625 0.3296875
7 0.83515625 0.31328125 0.0546875 0.2640625
7 0.1890625 0.146875 0.0578125 0.23828125
8 0.878125 0.253125 0.05 0.22265625
8 0.9359375 0.13203125 0.0609375 0.2265625
8 0.14609375 0.0578125 0.04609375 0.115625
2 0.4828125 0.6671875 0.09453125 0.27265625
2 0.57421875 0.66875 0.0875 0.24296875
4 0.396875 0.6375 0.09140625 0.296875
4 0.6484375 0.6375 0.08046875 0.23515625
0 0.32578125 0.57890625 0.0890625 0.2921875
0 0.7328125 0.59296875 0.0890625 0.2984375
6 0.79296875 0.5546875 0.06171875 0.2265625
6 0.2546875 0.4875 0.1046875 0.27265625
8 0.8390625 0.50234375 0.06484375 0.1984375
8 0.18984375 0.4171875 0.0828125 0.2296875
8 0.903125 0.42890625 0.09609375 0.24921875
8 0.14765625 0.32109375 0.08671875 0.25390625