3 0.44765625 0.43359375 0.12265625 0.31171875
3 0.58046875 0.446875 0.1125 0.303125
5 0.6671875 0.43671875 0.065625 0.2390625
5 0.35625 0.384375 0.07109375 0.2578125
1 0.7078125 0.21015625 0.0734375 0.25078125
1 0.29609375 0.3296875 0.05546875 0.2359375
7 0.24609375 0.346875 0.04921875 0.19140625
7 0.76328125 0.33828125 0.0625 0.209375
8 0.19140625 0.290625 0.0625 0.2109375
8 0.8078125 0.30859375 0.028125 0.15859375
8 0.840625 0.259375 0.03984375 0.16484375
2 0.45625 0.6921875 0.07578125 0.2140625
2 0.5390625 0.68671875 0.07578125 0.23359375
4 0.3828125 0.6375 0.07578125 0.25390625
4 0.6140625 0.67421875 0.071875 0.2234375
0 0.31484375 0.603125 0.0671875 0.2515625
0 0.678125 0.6375 0.0640625 0.2359375
6 0.26171875 0.54375 0.0671875 0.21328125
6 0.7359375 0.58125 0.059375 0.20703125
8 0.21484375 0.48828125 0.0671875 0.184375
8 0.77890625 0.5171875 0.0625 0.19609375
8 0.825 0.44296875 0.0625 0.178125
8 0.1828125 0.4125 0.06953125 0.15