3 0.44140625 0.425 0.140625 0.38359375
3 0.5890625 0.4390625 0.1453125 0.384375
5 0.32734375 0.3875 0.0875 0.2984375
5 0.70625 0.4609375 0.0953125 0.29609375
1 0.2421875 0.36171875 0.0828125 0.35234375
1 0.78828125 0.4453125 0.08203125 0.3609375
7 0.17734375 0.353125 0.06171875 0.2390625
7 0.86171875 0.45546875 0.0546875 0.20625
2 0.43828125 0.721875 0.09609375 0.2515625
2 0.525 0.71796875 0.1 0.23203125
4 0.62578125 0.765625 0.103125 0.28671875
4 0.3421875 0.6796875 0.08984375 0.30859375
0 0.25546875 0.7203125 0.08671875 0.3328125
0 0.70703125 0.7578125 0.071875 0.3109375
6 0.771875 0.73203125 0.06875 0.25703125
6 0.21796875 0.6421875 0.0765625 0.21796875
8 0.8203125 0.70234375 0.06484375 0.19453125
8 0.175 0.5765625 0.0875 0.2078125
8 0.86484375 0.64375 0.07890625 0.19609375
8 0.1296875 0.50859375 0.08125 0.19453125