3 0.47265625 0.44921875 0.15390625 0.38671875
3 0.63125 0.49140625 0.14609375 0.40078125
5 0.34296875 0.39140625 0.10859375 0.26328125
5 0.74453125 0.5125 0.0890625 0.26796875
1 0.246875 0.36328125 0.08125 0.29453125
1 0.81796875 0.49609375 0.084375 0.2625
7 0.1828125 0.35625 0.0640625 0.228125
7 0.88046875 0.4796875 0.06015625 0.21171875
4 0.3625 0.6359375 0.08359375 0.221875
2 0.459375 0.6859375 0.08125 0.1125
2 0.55625 0.678125 0.06015625 0.09296875
4 0.63984375 0.73984375 0.0703125 0.109375
0 0.27109375 0.61484375 0.0875 0.228125
0 0.7359375 0.71015625 0.075 0.15078125
6 0.20625 0.565625 0.0734375 0.1875
6 0.796875 0.68515625 0.0578125 0.140625
8 0.18203125 0.509375 0.05546875 0.11484375
8 0.84453125 0.63671875 0.03515625 0.11484375
8 0.1359375 0.46796875 0.0671875 0.14453125
8 0.0859375 0.4296875 0.07890625 0.23046875
8 0.0734375 0.1984375 0.0796875 0.18515625