3 0.43359375 0.42421875 0.15 0.36328125
3 0.584375 0.4125 0.1515625 0.409375
5 0.2984375 0.3140625 0.10625 0.3265625
5 0.7234375 0.3671875 0.1078125 0.41640625
1 0.2078125 0.3203125 0.08359375 0.3671875
1 0.8109375 0.40859375 0.071875 0.35078125
7 0.14453125 0.3375 0.0578125 0.278125
7 0.8796875 0.40625 0.05703125 0.30078125
8 0.09765625 0.325 0.04921875 0.2171875
8 0.91171875 0.42109375 0.04765625 0.22578125
8 0.0578125 0.271875 0.0421875 0.19921875
2 0.46015625 0.7 0.0796875 0.190625
2 0.553125 0.69921875 0.08515625 0.165625
0 0.278125 0.61328125 0.09375 0.30234375
4 0.63515625 0.67578125 0.0828125 0.1328125
4 0.36328125 0.60078125 0.07578125 0.178125
0 0.72734375 0.659375 0.084375 0.18359375
6 0.80859375 0.64921875 0.07578125 0.19453125
6 0.2 0.5984375 0.0796875 0.23515625
8 0.86171875 0.6109375 0.04765625 0.15703125
8 0.14765625 0.53046875 0.071875 0.16875
8 0.91796875 0.52890625 0.0734375 0.16328125
8 0.0859375 0.47109375 0.075 0.1390625