3 0.42578125 0.3859375 0.13515625 0.35703125
3 0.5546875 0.39375 0.1375 0.3640625
5 0.66328125 0.425 0.0890625 0.278125
5 0.31484375 0.37109375 0.09375 0.2921875
1 0.75625 0.40078125 0.09609375 0.3859375
1 0.23125 0.31328125 0.07265625 0.32578125
7 0.821875 0.41953125 0.053125 0.275
7 0.16640625 0.32421875 0.059375 0.28671875
8 0.86953125 0.3859375 0.04296875 0.2171875
8 0.0921875 0.18203125 0.07578125 0.19453125
2 0.45078125 0.63203125 0.07109375 0.12421875
2 0.53359375 0.6421875 0.06640625 0.1390625
0 0.68515625 0.62578125 0.084375 0.23203125
0 0.30625 0.56328125 0.0953125 0.23515625
6 0.77265625 0.65703125 0.09453125 0.2234375
6 0.21953125 0.54375 0.0875 0.20390625
8 0.903125 0.45390625 0.0734375 0.20859375
8 0.10078125 0.3625 0.06328125 0.18125