3 0.38984375 0.3453125 0.17734375 0.39921875
3 0.55625 0.38671875 0.1609375 0.40234375
5 0.68984375 0.35234375 0.10234375 0.33359375
1 0.79296875 0.3875 0.1109375 0.38671875
5 0.27578125 0.3203125 0.084375 0.33984375
1 0.19921875 0.28046875 0.0828125 0.35625
7 0.85390625 0.44296875 0.07421875 0.2609375
7 0.14375 0.2875 0.04765625 0.27421875
8 0.8984375 0.4484375 0.04765625 0.23671875
8 0.1015625 0.2546875 0.040625 0.234375
8 0.95390625 0.43125 0.0921875 0.2640625
8 0.06953125 0.2109375 0.03828125 0.23515625
2 0.4453125 0.6859375 0.096875 0.2703125
2 0.54765625 0.67890625 0.0921875 0.27578125
4 0.340625 0.64296875 0.09921875 0.25
4 0.6390625 0.67265625 0.10703125 0.30546875
0 0.25390625 0.6125 0.0796875 0.30390625
0 0.73515625 0.7640625 0.0875 0.39453125
6 0.209375 0.565625 0.0640625 0.20390625
6 0.79609375 0.6875 0.07109375 0.26796875
8 0.16015625 0.50859375 0.0578125 0.1515625
8 0.828125 0.65546875 0.0484375 0.17265625
8 0.109375 0.4453125 0.07265625 0.16484375
8 0.8921875 0.64609375 0.0984375 0.16640625