3 0.41875 0.36796875 0.11640625 0.3125
3 0.540625 0.37109375 0.13046875 0.35390625
5 0.33671875 0.3765625 0.06015625 0.225
5 0.63203125 0.4234375 0.05546875 0.1953125
1 0.25703125 0.31640625 0.08203125 0.30546875
1 0.7109375 0.40234375 0.10234375 0.29296875
7 0.19453125 0.3046875 0.06171875 0.2296875
7 0.7859375 0.41875 0.0671875 0.2390625
8 0.15625 0.27578125 0.03828125 0.18984375
8 0.8421875 0.40234375 0.05546875 0.22421875
8 0.87890625 0.36484375 0.03984375 0.175
8 0.91953125 0.2671875 0.04765625 0.16328125
2 0.44140625 0.6453125 0.0796875 0.30703125
2 0.52265625 0.65078125 0.0890625 0.33203125
4 0.60078125 0.65625 0.07890625 0.24140625
4 0.3640625 0.6265625 0.071875 0.265625
0 0.68515625 0.69140625 0.084375 0.3203125
0 0.27734375 0.5984375 0.0953125 0.33125
6 0.7484375 0.6171875 0.08125 0.240625
6 0.23984375 0.50390625 0.0828125 0.21328125
8 0.190625 0.45078125 0.06875 0.14375
8 0.14375 0.3984375 0.07109375 0.153125
8 0.80546875 0.5828125 0.07109375 0.1609375
8 0.859375 0.5265625 0.08359375 0.15859375