3 0.44609375 0.42890625 0.14375 0.32109375
3 0.58203125 0.44453125 0.140625 0.34296875
5 0.34140625 0.409375 0.0625 0.1859375
5 0.69921875 0.46484375 0.090625 0.2609375
1 0.26328125 0.34375 0.0859375 0.30859375
1 0.77421875 0.44140625 0.05546875 0.3109375
7 0.18984375 0.3140625 0.05234375 0.24921875
7 0.8171875 0.3734375 0.03984375 0.1921875
8 0.1515625 0.271875 0.0375 0.18984375
2 0.4546875 0.66328125 0.07265625 0.25390625
2 0.53671875 0.6734375 0.08046875 0.20703125
4 0.36953125 0.6453125 0.0953125 0.32578125
4 0.6140625 0.66875 0.07109375 0.2078125
0 0.27734375 0.625 0.08046875 0.2953125
0 0.7 0.66328125 0.06953125 0.1578125
6 0.21796875 0.55703125 0.07265625 0.20390625
6 0.76953125 0.62265625 0.05078125 0.1078125
8 0.16953125 0.47109375 0.07265625 0.121875
8 0.115625 0.36875 0.08828125 0.2125
8 0.85078125 0.42578125 0.0625 0.13359375
8 0.8125 0.54140625 0.05234375 0.12890625