3 0.45703125 0.4203125 0.128125 0.37265625
3 0.58359375 0.453125 0.12890625 0.35078125
5 0.6875 0.47109375 0.0796875 0.24765625
5 0.3578125 0.4375 0.0875 0.25
1 0.7734375 0.440625 0.1046875 0.3078125
1 0.278125 0.396875 0.07890625 0.290625
7 0.2265625 0.44609375 0.04375 0.2234375
7 0.82734375 0.5140625 0.04296875 0.21875
8 0.1921875 0.421875 0.0484375 0.21875
8 0.15859375 0.35546875 0.0390625 0.15625
2 0.5125 0.7 0.078125 0.20703125
2 0.59375 0.71796875 0.0890625 0.18828125
4 0.43359375 0.6625 0.0875 0.22890625
4 0.67109375 0.6875 0.08203125 0.2140625
0 0.34375 0.67265625 0.0859375 0.26171875
0 0.75625 0.7015625 0.08828125 0.309375
6 0.27578125 0.6296875 0.07734375 0.234375
6 0.81875 0.6828125 0.0765625 0.17109375
8 0.87265625 0.59609375 0.090625 0.16015625
8 0.8953125 0.49609375 0.0765625 0.15859375
8 0.23125 0.6 0.07265625 0.1109375
8 0.19375 0.54765625 0.0703125 0.14375