3 0.421875 0.340625 0.14765625 0.42421875
3 0.56640625 0.353125 0.159375 0.45
5 0.70234375 0.34296875 0.11171875 0.35
5 0.2984375 0.309375 0.1 0.353125
1 0.8046875 0.32890625 0.115625 0.3921875
1 0.20859375 0.26953125 0.10546875 0.37890625
7 0.87421875 0.33125 0.06875 0.31796875
7 0.1484375 0.24375 0.065625 0.34453125
8 0.1125 0.24453125 0.06328125 0.2765625
8 0.915625 0.31171875 0.03984375 0.29609375
8 0.05234375 0.18828125 0.08203125 0.26015625
8 0.9578125 0.2484375 0.0515625 0.265625
2 0.45234375 0.56171875 0.0671875 0.14140625
2 0.54296875 0.61953125 0.08359375 0.16640625
4 0.3671875 0.58359375 0.090625 0.2125
4 0.63671875 0.59375 0.07734375 0.209375
0 0.271875 0.571875 0.08828125 0.26953125
0 0.728125 0.61953125 0.10234375 0.28046875
6 0.1953125 0.53671875 0.096875 0.27109375
6 0.77265625 0.575 0.06796875 0.1859375
8 0.14296875 0.47109375 0.065625 0.21875
8 0.83359375 0.57578125 0.11171875 0.1921875
8 0.090625 0.4171875 0.1078125 0.2375
8 0.90859375 0.5015625 0.08046875 0.17421875
8 0.953125 0.42890625 0.06484375 0.1453125
8 0.0375 0.34296875 0.075 0.23671875