3 0.47265625 0.28984375 0.146875 0.41875
3 0.60390625 0.315625 0.1421875 0.4015625
5 0.3546875 0.23125 0.0921875 0.3640625
5 0.71484375 0.325 0.09765625 0.3484375
1 0.253125 0.1859375 0.10546875 0.37109375
1 0.8015625 0.30703125 0.08203125 0.3828125
7 0.1828125 0.17578125 0.0484375 0.296875
7 0.85078125 0.3390625 0.05390625 0.28984375
8 0.14375 0.17421875 0.0484375 0.2671875
8 0.8953125 0.2921875 0.06953125 0.22265625
8 0.10703125 0.1 0.04453125 0.2
2 0.48359375 0.60546875 0.08671875 0.3
2 0.5734375 0.61796875 0.07734375 0.26640625
4 0.3921875 0.60703125 0.10234375 0.384375
4 0.65859375 0.62109375 0.08671875 0.2859375
0 0.2984375 0.51796875 0.1109375 0.33515625
0 0.734375 0.615625 0.075 0.296875
6 0.2125 0.46640625 0.1 0.28828125
6 0.80234375 0.59140625 0.06953125 0.221875
8 0.8609375 0.51796875 0.08359375 0.22890625
8 0.16796875 0.39765625 0.078125 0.17109375
8 0.12109375 0.32890625 0.0875 0.19609375