3 0.3953125 0.3234375 0.16171875 0.45078125
3 0.5546875 0.36171875 0.16796875 0.4234375
5 0.275 0.34609375 0.0875 0.321875
5 0.6984375 0.37265625 0.10390625 0.33984375
1 0.8109375 0.2015625 0.109375 0.403125
1 0.1765625 0.1875 0.09921875 0.37421875
7 0.84609375 0.384375 0.17421875 0.2921875
7 0.1109375 0.309375 0.09453125 0.31796875
8 0.053125 0.33984375 0.0484375 0.25703125
8 0.93125 0.43671875 0.0546875 0.25703125
8 0.021875 0.29765625 0.03125 0.20703125
8 0.96875 0.44375 0.04609375 0.2359375
2 0.44375 0.684375 0.10859375 0.30859375
2 0.56640625 0.67109375 0.1296875 0.22890625
4 0.68125 0.63984375 0.11171875 0.2921875
4 0.3328125 0.64453125 0.09921875 0.30078125
0 0.23515625 0.60625 0.11171875 0.3765625
6 0.83984375 0.65703125 0.1375 0.31953125
6 0.14921875 0.578125 0.090625 0.31953125
8 0.909375 0.63046875 0.06328125 0.17109375
8 0.08359375 0.57734375 0.0625 0.2953125
8 0.95078125 0.59375 0.0578125 0.1734375
8 0.04140625 0.51875 0.059375 0.16640625