3 0.45234375 0.3453125 0.1328125 0.40703125
3 0.58046875 0.35703125 0.14296875 0.4046875
5 0.3484375 0.2984375 0.0828125 0.3484375
5 0.70234375 0.34765625 0.09609375 0.35078125
1 0.2734375 0.22890625 0.06015625 0.31484375
1 0.7859375 0.328125 0.08671875 0.34609375
7 0.21796875 0.1859375 0.05078125 0.27265625
7 0.853125 0.31875 0.05703125 0.3109375
8 0.18046875 0.14375 0.0328125 0.18828125
8 0.89296875 0.3046875 0.03515625 0.18515625
8 0.14609375 0.08515625 0.0453125 0.1703125
2 0.47265625 0.65078125 0.0890625 0.27109375
2 0.55546875 0.65390625 0.08125 0.25546875
4 0.38359375 0.584375 0.07734375 0.271875
4 0.6453125 0.65390625 0.11015625 0.31640625
0 0.74140625 0.6484375 0.0796875 0.31953125
0 0.29453125 0.53828125 0.09140625 0.33828125
6 0.81328125 0.58046875 0.06015625 0.2625
6 0.23515625 0.46953125 0.065625 0.203125
8 0.8609375 0.51015625 0.0609375 0.14921875
8 0.215625 0.3703125 0.071875 0.1734375
8 0.1609375 0.284375 0.0875 0.2234375
8 0.91796875 0.4203125 0.10078125 0.20546875