2 0.4515625 0.69609375 0.09296875 0.24140625
2 0.540625 0.70703125 0.09140625 0.2375
4 0.63359375 0.72578125 0.08359375 0.24375
4 0.36171875 0.67734375 0.0828125 0.27109375
0 0.275 0.62421875 0.08671875 0.24453125
0 0.7125 0.73359375 0.075 0.2359375
6 0.2078125 0.6015625 0.0609375 0.16796875
6 0.77734375 0.70546875 0.0546875 0.12578125
8 0.1640625 0.5421875 0.05078125 0.11015625
8 0.8203125 0.6765625 0.04140625 0.1140625
8 0.1203125 0.45078125 0.0703125 0.1453125
8 0.86640625 0.60625 0.065625 0.13125
3 0.43515625 0.4578125 0.13984375 0.35234375
3 0.58984375 0.4859375 0.14375 0.346875
5 0.3109375 0.403125 0.1046875 0.28671875
5 0.7140625 0.48125 0.103125 0.26796875
1 0.22265625 0.39609375 0.078125 0.28046875
1 0.79375 0.51484375 0.07890625 0.290625
7 0.171875 0.378125 0.046875 0.23671875
7 0.8421875 0.5125 0.05546875 0.26875