3 0.3984375 0.35390625 0.1796875 0.390625
3 0.60078125 0.33515625 0.17890625 0.38671875
5 0.2578125 0.33125 0.10625 0.2921875
5 0.734375 0.328125 0.08515625 0.29296875
1 0.1640625 0.25625 0.084375 0.32578125
1 0.81796875 0.26875 0.08046875 0.35
7 0.0953125 0.27421875 0.08359375 0.23828125
7 0.88359375 0.315625 0.07734375 0.23515625
8 0.9578125 0.28046875 0.07890625 0.215625
8 0.03671875 0.21953125 0.06640625 0.2265625
2 0.42578125 0.70703125 0.10625 0.32421875
2 0.5296875 0.6921875 0.1171875 0.3453125
4 0.6375 0.69140625 0.11015625 0.346875
4 0.31796875 0.6859375 0.103125 0.35703125
0 0.7359375 0.6484375 0.11015625 0.35390625
0 0.21875 0.6234375 0.10625 0.36953125
6 0.82890625 0.54453125 0.11640625 0.27265625
6 0.1359375 0.5046875 0.121875 0.24765625
8 0.90703125 0.4828125 0.1109375 0.203125
8 0.06171875 0.425 0.096875 0.19609375