3 0.4296875 0.34921875 0.15078125 0.46875
3 0.59296875 0.3578125 0.1484375 0.45859375
5 0.303125 0.29453125 0.096875 0.35
5 0.7125 0.38046875 0.0953125 0.3375
1 0.2078125 0.23203125 0.09921875 0.38203125
1 0.81484375 0.325 0.11015625 0.36640625
7 0.14453125 0.21796875 0.04921875 0.3015625
7 0.8875 0.33515625 0.05703125 0.27265625
8 0.09375 0.15703125 0.07109375 0.259375
8 0.9421875 0.2703125 0.06015625 0.25703125
2 0.44921875 0.65703125 0.08828125 0.2671875
2 0.54140625 0.66796875 0.109375 0.296875
4 0.35390625 0.64453125 0.090625 0.36171875
4 0.640625 0.66640625 0.09609375 0.2828125
0 0.25078125 0.5703125 0.09296875 0.41484375
0 0.7328125 0.640625 0.1 0.378125
6 0.18125 0.52109375 0.08515625 0.24921875
6 0.82265625 0.5890625 0.075 0.25390625
8 0.13359375 0.42109375 0.0734375 0.203125
8 0.88125 0.521875 0.0703125 0.1953125
8 0.09765625 0.31171875 0.07578125 0.16796875
8 0.93359375 0.4359375 0.0625 0.1484375