3 0.4515625 0.39375 0.12265625 0.36484375
3 0.58203125 0.3796875 0.12109375 0.39765625
5 0.3359375 0.29765625 0.10390625 0.32890625
5 0.67734375 0.39921875 0.084375 0.3140625
1 0.25703125 0.29296875 0.0671875 0.3375
1 0.7578125 0.40546875 0.078125 0.3265625
7 0.209375 0.29453125 0.04375 0.23671875
7 0.8078125 0.4078125 0.046875 0.26875
8 0.175 0.28203125 0.0328125 0.2109375
8 0.84296875 0.3859375 0.034375 0.20859375
8 0.14140625 0.24140625 0.04296875 0.21640625
8 0.871875 0.36796875 0.04609375 0.1984375
2 0.45546875 0.65078125 0.0796875 0.22578125
2 0.540625 0.6671875 0.08828125 0.2375
4 0.37421875 0.60546875 0.0734375 0.29921875
4 0.6296875 0.67578125 0.0875 0.2640625
0 0.29296875 0.58515625 0.0734375 0.2875
0 0.703125 0.65546875 0.06015625 0.24296875
6 0.234375 0.5265625 0.0671875 0.2125
6 0.76328125 0.61015625 0.06328125 0.20234375
8 0.2015625 0.46171875 0.05546875 0.13984375
8 0.8078125 0.58515625 0.05078125 0.1484375
8 0.16171875 0.40078125 0.06171875 0.13984375
8 0.84609375 0.52265625 0.0515625 0.11484375