3 0.45234375 0.30078125 0.16015625 0.3796875
3 0.6140625 0.328125 0.15703125 0.38203125
5 0.728125 0.371875 0.08671875 0.3109375
5 0.3453125 0.353125 0.084375 0.25546875
1 0.24453125 0.265625 0.11328125 0.415625
1 0.815625 0.33203125 0.1015625 0.4078125
7 0.16953125 0.2984375 0.06875 0.278125
7 0.87734375 0.37109375 0.0390625 0.23984375
8 0.11640625 0.21640625 0.0515625 0.21171875
8 0.9171875 0.3203125 0.04765625 0.1640625
8 0.9703125 0.1921875 0.053125 0.1796875
8 0.08046875 0.12109375 0.034375 0.17890625
2 0.49296875 0.71953125 0.10234375 0.38671875
2 0.58125 0.72890625 0.09609375 0.36796875
4 0.3921875 0.67265625 0.10625 0.36796875
4 0.68203125 0.71796875 0.10625 0.35546875
0 0.29140625 0.59453125 0.1 0.3734375
0 0.771875 0.66640625 0.08515625 0.3875
6 0.22265625 0.5421875 0.07890625 0.22421875
6 0.84375 0.61875 0.07578125 0.2296875
8 0.1734375 0.47265625 0.06484375 0.14453125
8 0.88515625 0.55390625 0.05859375 0.165625
8 0.1296875 0.39921875 0.0703125 0.18671875
8 0.94140625 0.45234375 0.1046875 0.21171875