3 0.4515625 0.31328125 0.1578125 0.43125
3 0.6078125 0.3328125 0.16953125 0.4359375
5 0.33125 0.33203125 0.10390625 0.371875
5 0.7328125 0.38671875 0.11953125 0.34140625
1 0.2359375 0.25234375 0.09453125 0.4140625
1 0.83828125 0.3921875 0.10625 0.4046875
7 0.1625 0.20625 0.06640625 0.31328125
7 0.92578125 0.3921875 0.09609375 0.35234375
8 0.09140625 0.14296875 0.0984375 0.28515625
8 0.975 0.4 0.040625 0.19296875
2 0.51875 0.61484375 0.08046875 0.21171875
2 0.61015625 0.63125 0.090625 0.20390625
4 0.4109375 0.5890625 0.0890625 0.19296875
4 0.71328125 0.659375 0.103125 0.21875
0 0.30859375 0.54296875 0.1 0.29375
0 0.8 0.6609375 0.08203125 0.29375
6 0.21328125 0.4921875 0.0984375 0.3078125
6 0.8765625 0.65625 0.07890625 0.3296875
8 0.14921875 0.41328125 0.07421875 0.25
8 0.94765625 0.6390625 0.07578125 0.26796875
8 0.09609375 0.315625 0.084375 0.1953125