3 0.425 0.36328125 0.16015625 0.4703125
3 0.5875 0.37734375 0.16328125 0.48828125
5 0.2875 0.33359375 0.11953125 0.34921875
5 0.7171875 0.41015625 0.1046875 0.33515625
1 0.1953125 0.2984375 0.07734375 0.4109375
1 0.81171875 0.37421875 0.09296875 0.38671875
7 0.13671875 0.28515625 0.0578125 0.26953125
7 0.8671875 0.3953125 0.05625 0.2703125
8 0.090625 0.24375 0.0578125 0.23125
8 0.90390625 0.38203125 0.04375 0.18203125
8 0.05078125 0.1859375 0.05546875 0.18515625
2 0.46953125 0.6640625 0.078125 0.15703125
2 0.5609375 0.7015625 0.0890625 0.2125
4 0.38203125 0.6328125 0.07421875 0.1921875
4 0.65078125 0.696875 0.08359375 0.26640625
0 0.28203125 0.59921875 0.1078125 0.26875
0 0.740625 0.7078125 0.0890625 0.30625
6 0.1984375 0.5515625 0.06796875 0.1796875
6 0.809375 0.64453125 0.06796875 0.1859375
8 0.14921875 0.4765625 0.05546875 0.16328125
8 0.85234375 0.603125 0.03984375 0.18203125
8 0.096875 0.409375 0.07734375 0.1484375
8 0.8953125 0.5578125 0.0578125 0.19375