3 0.42265625 0.315625 0.1546875 0.42734375
3 0.5703125 0.32734375 0.1640625 0.459375
5 0.6828125 0.38671875 0.078125 0.2453125
5 0.29921875 0.315625 0.1 0.35703125
1 0.78828125 0.37578125 0.128125 0.33671875
1 0.19296875 0.26796875 0.10078125 0.38359375
7 0.875 0.4125 0.075 0.321875
7 0.1234375 0.28125 0.06171875 0.30546875
8 0.93046875 0.3953125 0.06328125 0.31484375
8 0.08203125 0.2296875 0.04453125 0.2546875
8 0.97265625 0.3875 0.0546875 0.23515625
8 0.03828125 0.165625 0.06484375 0.25859375
2 0.44375 0.63125 0.0890625 0.20390625
2 0.53515625 0.66796875 0.090625 0.24609375
4 0.634375 0.65390625 0.1109375 0.32578125
4 0.35 0.5859375 0.0796875 0.19921875
0 0.73515625 0.67578125 0.10703125 0.4140625
0 0.25859375 0.5484375 0.09765625 0.27421875
6 0.81875 0.66171875 0.07109375 0.2484375
6 0.178125 0.53515625 0.08671875 0.2484375
8 0.8796875 0.63203125 0.07734375 0.2109375
8 0.1171875 0.484375 0.071875 0.165625
8 0.93359375 0.57109375 0.08046875 0.19296875
8 0.06484375 0.4015625 0.071875 0.18203125