3 0.39765625 0.346875 0.19296875 0.39296875
3 0.59453125 0.3578125 0.1875 0.3890625
5 0.74765625 0.35390625 0.10625 0.3453125
5 0.26640625 0.328125 0.1 0.3203125
1 0.825 0.378125 0.08984375 0.30625
1 0.16171875 0.21796875 0.1109375 0.328125
7 0.89609375 0.36328125 0.06640625 0.2421875
7 0.08046875 0.2296875 0.07265625 0.24609375
8 0.02265625 0.14453125 0.0453125 0.18125
8 0.96328125 0.2828125 0.06484375 0.2125
2 0.43515625 0.7046875 0.11796875 0.35546875
2 0.55234375 0.709375 0.11484375 0.34609375
4 0.315625 0.6640625 0.11015625 0.36640625
4 0.66640625 0.7 0.109375 0.3390625
0 0.21171875 0.6140625 0.09453125 0.3609375
0 0.7609375 0.71015625 0.090625 0.3625
6 0.134375 0.53203125 0.11015625 0.28046875
6 0.8375 0.63671875 0.0953125 0.27265625
8 0.08125 0.446875 0.08984375 0.1609375
8 0.88359375 0.578125 0.08515625 0.19609375
8 0.04296875 0.34296875 0.0859375 0.2015625
8 0.9375 0.4953125 0.084375 0.2046875