3 0.434375 0.37890625 0.13515625 0.40390625
3 0.56953125 0.38671875 0.13046875 0.403125
5 0.3265625 0.36328125 0.0859375 0.35625
5 0.65546875 0.421875 0.05859375 0.2625
1 0.24921875 0.3265625 0.0703125 0.34296875
1 0.73125 0.37890625 0.08125 0.36875
7 0.1953125 0.33359375 0.0515625 0.26171875
2 0.4546875 0.68046875 0.08984375 0.21953125
2 0.5421875 0.67578125 0.084375 0.23828125
4 0.37734375 0.640625 0.06796875 0.24765625
4 0.62421875 0.675 0.078125 0.2921875
0 0.2953125 0.6109375 0.0890625 0.253125
0 0.69921875 0.659375 0.07578125 0.3421875
6 0.23203125 0.55390625 0.08671875 0.22734375
6 0.77109375 0.6546875 0.0703125 0.2890625
8 0.1796875 0.5046875 0.0625 0.2125
8 0.82109375 0.6359375 0.04765625 0.2390625
8 0.15234375 0.2484375 0.04140625 0.20390625
8 0.14765625 0.43203125 0.05703125 0.1640625
8 0.12109375 0.35546875 0.0640625 0.11640625
8 0.11796875 0.20625 0.03515625 0.18984375
7 0.78984375 0.41328125 0.04453125 0.2453125
8 0.81796875 0.45234375 0.03046875 0.21875
8 0.8515625 0.37421875 0.0453125 0.21015625
8 0.88984375 0.34609375 0.0484375 0.21640625