3 0.38828125 0.36484375 0.13046875 0.3234375
3 0.53359375 0.4390625 0.13203125 0.25234375
5 0.64921875 0.41328125 0.0984375 0.25390625
5 0.3 0.32890625 0.06015625 0.26875
1 0.7390625 0.4203125 0.08046875 0.25078125
1 0.24375 0.27890625 0.05859375 0.25703125
7 0.80859375 0.4109375 0.07265625 0.2140625
8 0.8625 0.42265625 0.05 0.1671875
8 0.90859375 0.37578125 0.0578125 0.1609375
7 0.1984375 0.25703125 0.046875 0.21328125
8 0.15625 0.1796875 0.046875 0.190625
2 0.44296875 0.6296875 0.0796875 0.2859375
2 0.5296875 0.6703125 0.08984375 0.265625
4 0.62265625 0.67734375 0.0890625 0.2875
4 0.3609375 0.5984375 0.0703125 0.234375
0 0.70078125 0.65703125 0.06875 0.28359375
0 0.29296875 0.5328125 0.065625 0.2171875
6 0.77421875 0.65078125 0.06796875 0.24375
6 0.2359375 0.471875 0.06328125 0.19921875
8 0.82265625 0.58046875 0.05546875 0.165625
8 0.88828125 0.54375 0.0796875 0.178125
8 0.20546875 0.4125 0.0375 0.1421875
8 0.17109375 0.33046875 0.04921875 0.15703125