3 0.42109375 0.38515625 0.15546875 0.38125
3 0.6265625 0.403125 0.14765625 0.4
5 0.3046875 0.340625 0.10390625 0.32734375
5 0.74140625 0.36328125 0.0984375 0.2765625
1 0.2140625 0.31484375 0.08125 0.29453125
1 0.82421875 0.38203125 0.071875 0.253125
7 0.1515625 0.31015625 0.06328125 0.23203125
7 0.8703125 0.35546875 0.0578125 0.2078125
8 0.9171875 0.3046875 0.05625 0.221875
8 0.06796875 0.28046875 0.06328125 0.190625
8 0.1046875 0.30234375 0.046875 0.1640625
0 0.27578125 0.53203125 0.08046875 0.27109375
0 0.7515625 0.59375 0.09453125 0.165625
6 0.19375 0.50703125 0.090625 0.18125
6 0.8140625 0.54765625 0.0703125 0.15234375
8 0.15 0.47734375 0.071875 0.14453125
8 0.8546875 0.50703125 0.0609375 0.1375
8 0.08515625 0.421875 0.10078125 0.14140625
8 0.903125 0.4578125 0.06953125 0.13046875