3 0.41953125 0.315625 0.16796875 0.4359375
3 0.575 0.35 0.165625 0.43359375
5 0.28515625 0.29453125 0.1078125 0.41015625
5 0.7125 0.3546875 0.1140625 0.365625
1 0.18515625 0.3046875 0.10390625 0.36953125
1 0.8234375 0.35078125 0.1015625 0.38359375
7 0.11796875 0.2546875 0.08203125 0.3046875
7 0.89609375 0.33203125 0.07890625 0.328125
8 0.05546875 0.184375 0.071875 0.2703125
8 0.95234375 0.32890625 0.07890625 0.2515625
2 0.46015625 0.63203125 0.0953125 0.25546875
2 0.55390625 0.65390625 0.1 0.22890625
4 0.346875 0.615625 0.10703125 0.28046875
4 0.653125 0.6296875 0.090625 0.25234375
0 0.25 0.5875 0.11015625 0.309375
0 0.74765625 0.671875 0.0984375 0.32421875
6 0.16484375 0.53125 0.09453125 0.26484375
6 0.82265625 0.59609375 0.0875 0.26484375
8 0.1015625 0.43046875 0.071875 0.19453125
8 0.878125 0.5625 0.06796875 0.175
8 0.059375 0.3515625 0.06875 0.15859375
8 0.92265625 0.4921875 0.06875 0.14921875