3 0.409375 0.2625 0.1765625 0.434375
3 0.59140625 0.3125 0.1796875 0.39453125
5 0.29375 0.24296875 0.078125 0.26328125
5 0.72734375 0.32265625 0.09609375 0.2828125
1 0.1875 0.1828125 0.11875 0.365625
1 0.828125 0.2703125 0.121875 0.34453125
7 0.0859375 0.13515625 0.08125 0.2703125
7 0.946875 0.209375 0.0890625 0.2578125
8 0.028125 0.10078125 0.05546875 0.20078125
2 0.4609375 0.5890625 0.1125 0.26171875
2 0.58125 0.63671875 0.11484375 0.27265625
4 0.3421875 0.546875 0.109375 0.3296875
4 0.6828125 0.56328125 0.09296875 0.278125
0 0.22890625 0.53984375 0.1140625 0.43203125
0 0.790625 0.62265625 0.1234375 0.440625
6 0.134375 0.43125 0.13359375 0.2625
6 0.875 0.52734375 0.1015625 0.2625
8 0.06328125 0.3109375 0.1265625 0.25703125
8 0.93046875 0.4265625 0.11015625 0.22890625