3 0.46484375 0.41875 0.11953125 0.28203125
3 0.590625 0.40703125 0.12265625 0.34609375
5 0.3625 0.3921875 0.096875 0.2375
5 0.67421875 0.45390625 0.0640625 0.221875
1 0.26796875 0.3359375 0.09296875 0.29140625
1 0.7421875 0.4359375 0.08984375 0.26484375
7 0.21328125 0.35390625 0.028125 0.16171875
8 0.18359375 0.34765625 0.046875 0.17578125
8 0.81484375 0.45703125 0.05703125 0.165625
2 0.47734375 0.6234375 0.06796875 0.13203125
2 0.5546875 0.659375 0.078125 0.17421875
4 0.4046875 0.59140625 0.0640625 0.1703125
4 0.621875 0.64921875 0.06328125 0.16953125
0 0.315625 0.5640625 0.08359375 0.259375
0 0.6859375 0.6515625 0.06796875 0.27734375
6 0.25078125 0.52890625 0.06875 0.18125
6 0.7359375 0.65 0.05234375 0.20234375
8 0.78203125 0.5875 0.06015625 0.18671875
8 0.18828125 0.4640625 0.09921875 0.1265625