3 0.4140625 0.4171875 0.14765625 0.38359375
3 0.559375 0.4671875 0.13984375 0.31875
5 0.3109375 0.403125 0.078125 0.2421875
5 0.675 0.453125 0.0890625 0.325
1 0.2265625 0.378125 0.0875 0.31484375
1 0.76015625 0.47734375 0.08828125 0.27734375
7 0.16171875 0.3890625 0.053125 0.23125
7 0.81171875 0.49296875 0.05859375 0.22890625
8 0.121875 0.3515625 0.04296875 0.2015625
8 0.0828125 0.2921875 0.03828125 0.1703125
2 0.4328125 0.696875 0.090625 0.1703125
2 0.52421875 0.6984375 0.0859375 0.16640625
4 0.334375 0.6609375 0.09453125 0.26796875
4 0.60859375 0.6890625 0.0828125 0.1421875
0 0.25703125 0.609375 0.07109375 0.23046875
0 0.69375 0.653125 0.0671875 0.1
6 0.75859375 0.67421875 0.07265625 0.13515625
6 0.1921875 0.58984375 0.071875 0.190625