3 0.4515625 0.41640625 0.13046875 0.36484375
3 0.5921875 0.42109375 0.14609375 0.4015625
5 0.34296875 0.34921875 0.08203125 0.2921875
5 0.709375 0.425 0.08984375 0.3046875
1 0.25859375 0.33515625 0.0890625 0.36171875
1 0.80078125 0.421875 0.08828125 0.3671875
2 0.459375 0.70625 0.06953125 0.2390625
2 0.5390625 0.72265625 0.08671875 0.26640625
4 0.6171875 0.70390625 0.0765625 0.18125
4 0.3921875 0.63046875 0.06640625 0.30234375
0 0.30546875 0.6390625 0.09765625 0.32890625
0 0.70546875 0.69453125 0.090625 0.2875
6 0.78984375 0.6875 0.071875 0.21484375
6 0.25 0.5875 0.0515625 0.1609375
7 0.85703125 0.4296875 0.04140625 0.24296875
7 0.20703125 0.35703125 0.0390625 0.23828125
8 0.1859375 0.3453125 0.040625 0.2234375
8 0.8859375 0.4234375 0.04453125 0.23984375
8 0.92109375 0.384375 0.0453125 0.2140625
8 0.146875 0.2640625 0.0578125 0.253125
8 0.84375 0.6421875 0.05234375 0.15703125
8 0.21328125 0.55390625 0.04765625 0.12265625
8 0.18125 0.50859375 0.05390625 0.1515625
8 0.89296875 0.590625 0.06953125 0.18046875
8 0.14921875 0.421875 0.046875 0.13203125