3 0.4296875 0.48359375 0.12421875 0.34140625
3 0.559375 0.48125 0.11953125 0.32890625
5 0.32890625 0.43515625 0.07890625 0.28046875
5 0.6640625 0.44140625 0.08359375 0.29296875
1 0.253125 0.415625 0.07109375 0.30234375
1 0.73359375 0.40390625 0.0640625 0.33203125
7 0.20234375 0.396875 0.04140625 0.246875
7 0.79140625 0.36875 0.06015625 0.26953125
8 0.16640625 0.36875 0.03515625 0.190625
8 0.84453125 0.35546875 0.03984375 0.2
8 0.13984375 0.321875 0.0375 0.1671875
2 0.44609375 0.7296875 0.08046875 0.1921875
2 0.52734375 0.72734375 0.0765625 0.19609375
4 0.365625 0.6828125 0.0671875 0.2328125
4 0.6 0.7 0.06875 0.203125
0 0.29375 0.66796875 0.07421875 0.2453125
0 0.67421875 0.67265625 0.0859375 0.22734375
6 0.23671875 0.64140625 0.07578125 0.2109375
6 0.7328125 0.64375 0.0734375 0.23203125
8 0.1953125 0.5890625 0.06171875 0.184375
8 0.77265625 0.5828125 0.05546875 0.1875
8 0.16171875 0.52578125 0.07578125 0.178125
8 0.81328125 0.53203125 0.078125 0.1921875