3 0.4203125 0.30859375 0.15859375 0.38671875
3 0.571875 0.3625 0.1484375 0.371875
5 0.3078125 0.2609375 0.08671875 0.3171875
5 0.6765625 0.3640625 0.06328125 0.146875
1 0.7765625 0.3421875 0.11328125 0.37578125
1 0.22578125 0.30390625 0.09609375 0.3765625
7 0.85703125 0.35859375 0.065625 0.284375
7 0.16171875 0.33359375 0.053125 0.27890625
8 0.90390625 0.3421875 0.05625 0.253125
8 0.1125 0.253125 0.059375 0.2671875
2 0.46171875 0.58671875 0.08984375 0.20625
2 0.55625 0.634375 0.1109375 0.25078125
4 0.37421875 0.57265625 0.084375 0.3046875
4 0.65234375 0.596875 0.0921875 0.36953125
0 0.28515625 0.55546875 0.09921875 0.31171875
0 0.73359375 0.5859375 0.09140625 0.35625
6 0.20703125 0.53359375 0.07890625 0.25859375
6 0.8125 0.6 0.08046875 0.21484375
8 0.87109375 0.5265625 0.0671875 0.16796875
8 0.15859375 0.4765625 0.05 0.11953125
8 0.9421875 0.47578125 0.09140625 0.2
8 0.1140625 0.41640625 0.0671875 0.15234375