3 0.4390625 0.38515625 0.1671875 0.39921875
3 0.6 0.4015625 0.165625 0.3875
5 0.315625 0.36875 0.0984375 0.321875
5 0.725 0.36640625 0.10859375 0.31015625
1 0.2203125 0.34453125 0.1046875 0.309375
1 0.81171875 0.3609375 0.09296875 0.3078125
7 0.14765625 0.33359375 0.0796875 0.2609375
7 0.875 0.3921875 0.0640625 0.2734375
8 0.09609375 0.3078125 0.0484375 0.2015625
8 0.9171875 0.36640625 0.04765625 0.221875
8 0.0390625 0.2625 0.06640625 0.20703125
2 0.4859375 0.65234375 0.096875 0.1796875
2 0.56640625 0.64765625 0.0640625 0.12734375
4 0.37421875 0.6265625 0.084375 0.23046875
4 0.65859375 0.65234375 0.09140625 0.1625
0 0.26875 0.59453125 0.0828125 0.26015625
0 0.75625 0.61875 0.08515625 0.20234375
6 0.1828125 0.56171875 0.07265625 0.18671875
6 0.825 0.60546875 0.07421875 0.22109375
8 0.1234375 0.49140625 0.0609375 0.12421875
8 0.88203125 0.5796875 0.0453125 0.14921875
8 0.06953125 0.4390625 0.08125 0.15859375
8 0.91328125 0.546875 0.0609375 0.1109375