3 0.434375 0.4015625 0.14921875 0.41484375
3 0.58671875 0.4125 0.15390625 0.3921875
5 0.33125 0.39765625 0.0875 0.3546875
5 0.71015625 0.4203125 0.10234375 0.3734375
1 0.25 0.34921875 0.0875 0.3890625
1 0.7921875 0.4109375 0.0859375 0.4328125
7 0.85546875 0.42421875 0.05625 0.32890625
7 0.19140625 0.3609375 0.04765625 0.3078125
8 0.15234375 0.33984375 0.04609375 0.3
8 0.1109375 0.30078125 0.05546875 0.275
8 0.8890625 0.4484375 0.0421875 0.3328125
8 0.9375 0.3859375 0.053125 0.29609375
2 0.48203125 0.71953125 0.06875 0.25625
2 0.5484375 0.690625 0.06484375 0.2
4 0.6234375 0.75078125 0.0859375 0.30703125
4 0.4109375 0.6890625 0.065625 0.19453125
0 0.71328125 0.74609375 0.103125 0.3078125
0 0.3234375 0.70625 0.0984375 0.30859375
6 0.7921875 0.725 0.06875 0.26171875
6 0.2546875 0.63984375 0.065625 0.22265625
8 0.19921875 0.59296875 0.04765625 0.2015625
8 0.84140625 0.671875 0.03359375 0.17578125