3 0.4625 0.4109375 0.12109375 0.3453125
3 0.590625 0.41796875 0.115625 0.3515625
5 0.3609375 0.37890625 0.06875 0.2546875
5 0.6875 0.39375 0.0796875 0.2765625
1 0.29140625 0.3640625 0.07421875 0.2609375
1 0.76015625 0.37734375 0.07265625 0.321875
7 0.23515625 0.34609375 0.04140625 0.25078125
7 0.80703125 0.40234375 0.04453125 0.26796875
8 0.196875 0.32421875 0.03515625 0.1984375
8 0.83125 0.39453125 0.03125 0.17265625
8 0.1640625 0.29921875 0.0359375 0.20078125
8 0.865625 0.3546875 0.040625 0.18984375
2 0.47890625 0.66796875 0.078125 0.2546875
2 0.5515625 0.6453125 0.07734375 0.246875
4 0.40703125 0.61953125 0.06875 0.25390625
4 0.62109375 0.659375 0.07265625 0.2359375
0 0.7015625 0.640625 0.08984375 0.25625
0 0.33203125 0.6140625 0.08515625 0.29140625
6 0.26640625 0.55703125 0.07734375 0.203125
6 0.77421875 0.634375 0.05625 0.19765625
8 0.21875 0.521875 0.06328125 0.1515625
8 0.81953125 0.59765625 0.0515625 0.17578125
8 0.18046875 0.45625 0.071875 0.17734375
8 0.84453125 0.51328125 0.04765625 0.14140625