3 0.45078125 0.36875 0.14765625 0.428125
3 0.5953125 0.39453125 0.14765625 0.44453125
5 0.340625 0.3328125 0.10625 0.33828125
5 0.721875 0.4171875 0.10234375 0.33125
1 0.2640625 0.3203125 0.06484375 0.278125
1 0.81953125 0.43203125 0.09296875 0.35234375
7 0.18515625 0.25546875 0.08828125 0.36015625
7 0.87890625 0.45546875 0.0703125 0.303125
8 0.10546875 0.2125 0.07109375 0.2734375
8 0.92734375 0.440625 0.04375 0.2203125
8 0.971875 0.38671875 0.0546875 0.21953125
2 0.45546875 0.65703125 0.08046875 0.1359375
2 0.53828125 0.6625 0.07734375 0.1328125
4 0.63828125 0.66484375 0.0890625 0.13671875
4 0.3640625 0.6078125 0.08359375 0.19921875
0 0.7296875 0.68046875 0.09609375 0.228125
0 0.265625 0.6296875 0.1078125 0.40859375
6 0.8140625 0.65390625 0.07265625 0.140625
6 0.20703125 0.521875 0.09375 0.309375
8 0.86640625 0.6265625 0.0578125 0.13515625
8 0.16875 0.48359375 0.08984375 0.21953125
8 0.93671875 0.57265625 0.08203125 0.19921875
8 0.115625 0.41484375 0.065625 0.15546875