3 0.4359375 0.346875 0.16171875 0.4375
3 0.59140625 0.38984375 0.15546875 0.4
5 0.7046875 0.3796875 0.0875 0.3453125
5 0.3421875 0.3578125 0.078125 0.26640625
1 0.25703125 0.26640625 0.10078125 0.36328125
1 0.78828125 0.41796875 0.0828125 0.3421875
7 0.1890625 0.271875 0.06171875 0.27890625
7 0.83671875 0.41796875 0.06328125 0.28125
8 0.13828125 0.26796875 0.06796875 0.2265625
8 0.87109375 0.43828125 0.04375 0.18984375
8 0.08671875 0.209375 0.05 0.21484375
8 0.9203125 0.37578125 0.06171875 0.20546875
2 0.4671875 0.6828125 0.08515625 0.22421875
2 0.5578125 0.7015625 0.0921875 0.2125
4 0.371875 0.63046875 0.09453125 0.3453125
4 0.6515625 0.6859375 0.08828125 0.26171875
0 0.2734375 0.571875 0.09921875 0.3234375
0 0.72578125 0.68125 0.071875 0.27109375
6 0.79375 0.6828125 0.06328125 0.259375
6 0.21640625 0.5125 0.0734375 0.22265625
8 0.83671875 0.61328125 0.0546875 0.16171875
8 0.15625 0.44453125 0.08515625 0.2015625
8 0.88046875 0.57734375 0.06796875 0.19375
8 0.10859375 0.40234375 0.075 0.18828125