3 0.44453125 0.41484375 0.15234375 0.39765625
3 0.59375 0.4546875 0.1546875 0.37265625
5 0.71484375 0.4875 0.09765625 0.2890625
5 0.35703125 0.38984375 0.0625 0.19921875
1 0.80546875 0.49375 0.08671875 0.31015625
1 0.27265625 0.34296875 0.109375 0.296875
7 0.865625 0.46953125 0.0703125 0.21796875
7 0.2015625 0.31328125 0.0515625 0.2296875
8 0.91328125 0.4296875 0.05625 0.190625
8 0.16171875 0.27109375 0.0421875 0.20546875
8 0.12421875 0.19296875 0.0359375 0.15546875
8 0.94453125 0.37421875 0.0359375 0.1578125
2 0.48828125 0.6703125 0.084375 0.196875
2 0.5734375 0.70390625 0.09140625 0.1734375
4 0.39453125 0.65234375 0.09140625 0.28515625
4 0.66015625 0.7 0.08046875 0.23359375
0 0.309375 0.59609375 0.08671875 0.3453125
0 0.73671875 0.69765625 0.0765625 0.2828125
6 0.24296875 0.55 0.08125 0.2265625
6 0.80234375 0.68203125 0.06953125 0.19921875
8 0.18984375 0.46484375 0.071875 0.16015625
8 0.85703125 0.62734375 0.04921875 0.16015625
8 0.14296875 0.36796875 0.07734375 0.16953125
8 0.9078125 0.5484375 0.0640625 0.125