3 0.40546875 0.6078125 0.24921875 0.234375
3 0.40546875 0.3859375 0.27265625 0.22265625
5 0.390625 0.1984375 0.21953125 0.1578125
5 0.38828125 0.8015625 0.203125 0.15625
1 0.38125 0.0734375 0.259375 0.146875
1 0.39609375 0.92734375 0.2328125 0.1453125
7 0.384375 0.0125 0.21875 0.02421875
7 0.4 0.98203125 0.19296875 0.0359375
2 0.628125 0.5578125 0.23046875 0.13984375
2 0.60546875 0.42109375 0.1671875 0.12421875
4 0.5921875 0.28671875 0.2046875 0.16484375
0 0.596875 0.1390625 0.259375 0.1671875
4 0.57734375 0.6890625 0.1765625 0.12265625
0 0.60859375 0.83359375 0.2703125 0.1484375
6 0.5703125 0.9390625 0.17265625 0.090625
6 0.5453125 0.06015625 0.125 0.09765625
8 0.5171875 0.021875 0.10078125 0.04375
8 0.52734375 0.9859375 0.1078125 0.028125