3 0.39375 0.34140625 0.32421875 0.26796875
3 0.38515625 0.609375 0.33515625 0.2546875
5 0.36328125 0.13125 0.26953125 0.16328125
5 0.3484375 0.81015625 0.25859375 0.1390625
1 0.32734375 0.03203125 0.2671875 0.0640625
1 0.31796875 0.946875 0.265625 0.10625
2 0.64453125 0.571875 0.21015625 0.153125
2 0.634375 0.4015625 0.2359375 0.12578125
4 0.603125 0.234375 0.28671875 0.1453125
4 0.58515625 0.74375 0.28203125 0.1609375
0 0.5890625 0.08984375 0.26328125 0.15078125
0 0.55859375 0.90390625 0.265625 0.14375
6 0.5453125 0.03125 0.20625 0.0625
6 0.50859375 0.96640625 0.2015625 0.0671875