3 0.4390625 0.3453125 0.140625 0.32890625
3 0.58515625 0.371875 0.1453125 0.39921875
5 0.32578125 0.2890625 0.09609375 0.321875
5 0.7234375 0.365625 0.10859375 0.359375
1 0.2359375 0.275 0.07421875 0.32890625
1 0.828125 0.346875 0.0921875 0.33125
7 0.16484375 0.21875 0.06328125 0.29453125
7 0.896875 0.3796875 0.0625 0.30078125
8 0.121875 0.21640625 0.0359375 0.17578125
8 0.94453125 0.37421875 0.03984375 0.20234375
8 0.08203125 0.1359375 0.05703125 0.26015625
8 0.978125 0.36015625 0.04296875 0.20859375
2 0.4765625 0.63125 0.0890625 0.3625
2 0.5578125 0.62890625 0.06953125 0.165625
4 0.403125 0.5515625 0.06484375 0.1265625
0 0.31484375 0.5484375 0.08671875 0.29140625
4 0.64921875 0.59921875 0.0703125 0.28671875
0 0.7390625 0.6328125 0.09140625 0.2359375
6 0.2328125 0.484375 0.09921875 0.2265625
6 0.82578125 0.615625 0.084375 0.2359375
8 0.16796875 0.43046875 0.078125 0.22890625
8 0.88359375 0.58203125 0.0609375 0.18046875
8 0.1265625 0.38046875 0.07109375 0.18828125
8 0.934375 0.54609375 0.0671875 0.17265625