3 0.4296875 0.48046875 0.14453125 0.3796875
3 0.58359375 0.52109375 0.14375 0.35546875
5 0.315625 0.4171875 0.0921875 0.30625
5 0.715625 0.50625 0.11171875 0.25625
1 0.809375 0.53984375 0.09453125 0.27890625
1 0.221875 0.3765625 0.0890625 0.32890625
7 0.1640625 0.36875 0.05078125 0.21796875
8 0.1125 0.3078125 0.04765625 0.209375
7 0.86328125 0.540625 0.05625 0.2015625
8 0.89375 0.5125 0.0375 0.18046875
8 0.078125 0.271875 0.040625 0.16484375
2 0.53359375 0.7421875 0.0625 0.16640625
2 0.4421875 0.721875 0.06015625 0.1375
4 0.3578125 0.6421875 0.08984375 0.19140625
0 0.2734375 0.5828125 0.11015625 0.26640625
0 0.6234375 0.68828125 0.09140625 0.1953125
6 0.7078125 0.68984375 0.0921875 0.21953125
6 0.19296875 0.5703125 0.0765625 0.203125
8 0.78984375 0.7015625 0.07578125 0.19453125
8 0.15546875 0.521875 0.075 0.16953125
8 0.1078125 0.4515625 0.06171875 0.1515625
8 0.8890625 0.62734375 0.05859375 0.12421875