3 0.45390625 0.4171875 0.128125 0.37578125
3 0.58984375 0.44921875 0.13515625 0.39609375
5 0.709375 0.4515625 0.10078125 0.36640625
5 0.32578125 0.37265625 0.1046875 0.3484375
1 0.7921875 0.440625 0.0671875 0.290625
1 0.23515625 0.33515625 0.08046875 0.29921875
7 0.1796875 0.33359375 0.046875 0.23515625
7 0.840625 0.40859375 0.0390625 0.21796875
2 0.4625 0.67265625 0.07421875 0.165625
2 0.53984375 0.69453125 0.07734375 0.165625
4 0.37109375 0.61953125 0.0671875 0.16640625
0 0.2890625 0.59296875 0.09140625 0.23671875
4 0.62578125 0.69609375 0.05625 0.109375
0 0.7140625 0.69296875 0.08046875 0.16796875
6 0.22421875 0.525 0.05859375 0.12734375
6 0.775 0.634375 0.0515625 0.12734375
8 0.85703125 0.54609375 0.053125 0.2