3 0.421875 0.43046875 0.146875 0.34140625
3 0.59140625 0.46875 0.1484375 0.3125
5 0.284375 0.36640625 0.0953125 0.31875
5 0.7171875 0.45 0.10546875 0.31875
1 0.1859375 0.2921875 0.1015625 0.25703125
1 0.82890625 0.44921875 0.109375 0.2640625
7 0.11953125 0.2828125 0.03828125 0.1953125
7 0.89609375 0.44296875 0.03671875 0.253125
8 0.08515625 0.2203125 0.05 0.21015625
8 0.93515625 0.390625 0.05 0.2265625
8 0.04453125 0.125 0.04609375 0.203125
8 0.97578125 0.303125 0.04296875 0.1734375
2 0.4703125 0.68671875 0.1046875 0.171875
2 0.5640625 0.703125 0.0953125 0.1484375
4 0.6640625 0.7078125 0.10703125 0.20859375
4 0.36796875 0.63828125 0.0828125 0.18984375
0 0.74921875 0.73046875 0.07109375 0.33046875
0 0.28125 0.5546875 0.08359375 0.26171875
6 0.81015625 0.63828125 0.065625 0.2515625
6 0.20078125 0.50234375 0.078125 0.2515625
8 0.8578125 0.63125 0.053125 0.18828125
8 0.14921875 0.4765625 0.05078125 0.1890625
8 0.9 0.57578125 0.07109375 0.15703125
8 0.10703125 0.4328125 0.0703125 0.18046875
8 0.06171875 0.321875 0.0734375 0.14765625
8 0.95078125 0.5203125 0.06171875 0.1015625