3 0.41875 0.31640625 0.1609375 0.48125
3 0.57265625 0.3484375 0.15859375 0.4671875
5 0.3125 0.33203125 0.08125 0.21484375
5 0.70703125 0.3515625 0.11015625 0.37578125
1 0.21640625 0.259375 0.11640625 0.42734375
1 0.8140625 0.32578125 0.0921875 0.41171875
7 0.13125 0.26171875 0.0546875 0.31015625
7 0.878125 0.37421875 0.06484375 0.2984375
8 0.08828125 0.24453125 0.05234375 0.26640625
8 0.91953125 0.3515625 0.04453125 0.23671875
2 0.44609375 0.678125 0.1015625 0.278125
2 0.53125 0.7 0.09375 0.2859375
4 0.63359375 0.69296875 0.0984375 0.27421875
4 0.334375 0.6390625 0.09765625 0.36484375
0 0.2453125 0.596875 0.10390625 0.42265625
0 0.7296875 0.67109375 0.0921875 0.3
6 0.17109375 0.5390625 0.0765625 0.2140625
6 0.8171875 0.62734375 0.0984375 0.25625
8 0.109375 0.4640625 0.0953125 0.17890625
8 0.8671875 0.58125 0.04765625 0.1546875