3 0.43046875 0.38515625 0.15390625 0.4171875
3 0.5765625 0.4234375 0.15546875 0.37890625
5 0.69609375 0.42578125 0.096875 0.29609375
5 0.3453125 0.36875 0.04140625 0.1203125
1 0.78125 0.4109375 0.08828125 0.284375
1 0.2640625 0.33046875 0.10390625 0.22890625
7 0.83359375 0.425 0.05 0.26875
7 0.20703125 0.33359375 0.05546875 0.26171875
8 0.88828125 0.3390625 0.071875 0.2546875
8 0.1625 0.32109375 0.0546875 0.2015625
8 0.115625 0.26171875 0.053125 0.221875
2 0.45546875 0.65390625 0.08125 0.15078125
2 0.54453125 0.67109375 0.090625 0.16015625
4 0.63203125 0.65234375 0.09375 0.171875
4 0.35078125 0.584375 0.08125 0.30703125
0 0.2703125 0.56640625 0.078125 0.290625
0 0.71328125 0.63671875 0.078125 0.203125
6 0.7828125 0.62421875 0.08984375 0.22734375
6 0.2171875 0.55546875 0.071875 0.24140625
8 0.83671875 0.57421875 0.0515625 0.16015625
8 0.18046875 0.51640625 0.07890625 0.1796875
8 0.88203125 0.49921875 0.06875 0.19765625
8 0.13671875 0.434375 0.084375 0.18515625