3 0.4234375 0.28828125 0.18671875 0.46953125
3 0.59921875 0.30234375 0.16796875 0.38359375
5 0.27578125 0.2484375 0.1125 0.38046875
5 0.74609375 0.296875 0.128125 0.3984375
1 0.1828125 0.2640625 0.07734375 0.3765625
1 0.8421875 0.36953125 0.08671875 0.35859375
7 0.11953125 0.29375 0.06171875 0.2609375
7 0.8921875 0.41953125 0.0625 0.24921875
8 0.08203125 0.28515625 0.02890625 0.1640625
8 0.9390625 0.40859375 0.05859375 0.23515625
8 0.0484375 0.18515625 0.05859375 0.22734375
2 0.44453125 0.6390625 0.11484375 0.26796875
2 0.55546875 0.65234375 0.11640625 0.35546875
4 0.33203125 0.596875 0.1 0.36953125
4 0.65859375 0.58046875 0.10234375 0.2453125
0 0.23203125 0.56953125 0.09765625 0.371875
0 0.7625 0.63671875 0.103125 0.29921875
6 0.1625 0.51875 0.06640625 0.228125
6 0.83671875 0.590625 0.078125 0.22421875
8 0.1265625 0.4640625 0.05625 0.15234375
8 0.90546875 0.56484375 0.090625 0.109375
8 0.065625 0.38828125 0.0890625 0.15546875
8 0.9546875 0.53203125 0.046875 0.12265625