3 0.4328125 0.25625 0.17578125 0.51171875
3 0.60234375 0.28984375 0.16875 0.515625
5 0.728125 0.32578125 0.10625 0.45703125
5 0.30625 0.23984375 0.10625 0.4515625
1 0.821875 0.346875 0.10390625 0.47109375
1 0.2109375 0.225 0.08671875 0.45
7 0.8828125 0.3828125 0.0671875 0.271875
7 0.14765625 0.22734375 0.0609375 0.3375
8 0.10390625 0.23671875 0.04921875 0.2515625
8 0.05859375 0.171875 0.059375 0.2453125
8 0.9234375 0.39765625 0.06328125 0.2578125
8 0.971875 0.3296875 0.05625 0.2265625
2 0.4578125 0.678125 0.121875 0.35625
2 0.55390625 0.70078125 0.10078125 0.38125
4 0.36015625 0.65390625 0.10703125 0.34296875
4 0.64296875 0.73203125 0.103125 0.371875
0 0.26640625 0.59921875 0.11953125 0.32890625
0 0.72578125 0.70390625 0.0921875 0.32109375
6 0.20390625 0.58125 0.08359375 0.27734375
6 0.78671875 0.6984375 0.07734375 0.271875
8 0.84765625 0.64375 0.05546875 0.2140625
8 0.1515625 0.5046875 0.07109375 0.23828125
8 0.915625 0.56796875 0.09375 0.234375
8 0.0953125 0.43671875 0.08671875 0.2078125