3 0.453125 0.4140625 0.13046875 0.334375
3 0.58515625 0.42109375 0.1328125 0.33984375
5 0.34765625 0.38515625 0.078125 0.25
5 0.6671875 0.47890625 0.05546875 0.2015625
1 0.26875 0.3640625 0.08125 0.3140625
1 0.753125 0.43203125 0.09453125 0.30859375
7 0.20703125 0.38203125 0.04765625 0.20078125
7 0.81328125 0.4734375 0.0515625 0.2078125
8 0.16953125 0.34375 0.04609375 0.203125
8 0.846875 0.46796875 0.04609375 0.17109375
4 0.39296875 0.6421875 0.08359375 0.27890625
2 0.47890625 0.68203125 0.0796875 0.234375
2 0.56328125 0.7 0.084375 0.278125
4 0.64453125 0.6984375 0.0796875 0.2796875
0 0.31015625 0.63515625 0.07578125 0.29296875
0 0.71875 0.67421875 0.07109375 0.29375
6 0.24921875 0.5640625 0.07265625 0.14609375
6 0.778125 0.64921875 0.06015625 0.16796875
8 0.82109375 0.621875 0.05234375 0.1625
8 0.1921875 0.49765625 0.07109375 0.11171875