3 0.4125 0.3296875 0.14609375 0.403125
3 0.55625 0.3125 0.15703125 0.446875
5 0.29140625 0.2515625 0.08828125 0.36953125
5 0.66875 0.30078125 0.08671875 0.36171875
8 0.1875 0.178125 0.115625 0.27421875
7 0.76171875 0.2921875 0.0859375 0.31015625
8 0.81953125 0.30546875 0.0625 0.275
8 0.103125 0.125 0.06328125 0.246875
8 0.871875 0.2625 0.0703125 0.26796875
2 0.4390625 0.63046875 0.09140625 0.24140625
2 0.52890625 0.63671875 0.1 0.2375
4 0.3484375 0.56015625 0.0828125 0.3125
4 0.61875 0.59140625 0.078125 0.284375
0 0.2640625 0.52421875 0.08515625 0.3921875
0 0.7046875 0.59375 0.08828125 0.3671875
6 0.20078125 0.43828125 0.0890625 0.33671875
6 0.765625 0.55703125 0.0625 0.27421875
8 0.14375 0.4125 0.075 0.20390625
8 0.81796875 0.52890625 0.0765625 0.26796875
8 0.0890625 0.325 0.08515625 0.16796875
8 0.86875 0.4609375 0.06796875 0.1671875