3 0.45078125 0.38671875 0.1328125 0.35859375
3 0.5828125 0.39921875 0.13515625 0.3390625
5 0.34140625 0.346875 0.0890625 0.31328125
5 0.69375 0.37578125 0.090625 0.3015625
1 0.2640625 0.30390625 0.0765625 0.34140625
1 0.78359375 0.3703125 0.08359375 0.35234375
7 0.84140625 0.4046875 0.06484375 0.2203125
7 0.2046875 0.32890625 0.06171875 0.2265625
8 0.89296875 0.36015625 0.0546875 0.20859375
8 0.1421875 0.2578125 0.0765625 0.25859375
2 0.4765625 0.6671875 0.08125 0.2296875
2 0.56484375 0.68515625 0.08984375 0.21875
4 0.6421875 0.6375 0.0734375 0.23671875
4 0.3984375 0.61796875 0.08671875 0.22265625
0 0.71953125 0.68125 0.09296875 0.359375
0 0.31171875 0.60625 0.08359375 0.315625
6 0.78203125 0.634375 0.0640625 0.1984375
6 0.24921875 0.54375 0.06640625 0.22109375
8 0.196875 0.5359375 0.0625 0.24609375
8 0.86015625 0.5515625 0.06953125 0.1703125
8 0.1515625 0.4625 0.07578125 0.2
8 0.90703125 0.496875 0.065625 0.165625